602
616
952
264
239
601
665
842
89
601
974
566
457
517
45
672
484
462
623
655
817
977
866
299
166
793
684
173
277
347
455
245
22
372
330
436
191
657
617
510
753
239
863
917
442
73
34
413
733
133
903
315
14
928
530
302
884
752
965
198
576
703
710
469
409
669
593
82
976
129
657
384
828
459
399
125
304
818
936
714
989
790
468
625
373
237
252
348
775
366
779
161
973
147
695
947
812
918
854
151
877
373
9
390
273
181
517
910
129
192
234
82
860
115
270
419
522
29
270
640
535
660
100
320
665
357
563
586
51
968
284
231
585
202
121
172
920
530
210
242
884
949
206
117
812
419
383
750
942
440
492
393
225
104
900
862
264
825
857
3
692
767
880
93
157
465
898
437
621
824
502
297
161
855
138
142
817
439
489
344
9
150
820
24
711
761
444
278
665
230
82
271
974
140
127
717
772
844
525
311
691
691
220
371
842
383
454
20
45
654
629
860
934
374
975
130
2
656
363
857
822
374
407
631
357
556
822
614
42
922
591
78
904
993
256
518
795
851
565
413
206
872
802
787
969
602
255
339
653
949
10
34
18
300
929
32
573
664
938
830
610
340
440
123
446
431
312
342
212
702
62
557
212
84
481
561
143
930
766
637
237
150
693
937
552
396
708
153
106
287
872
176
166
306
388
268
321
0
962
365
577
456
911
481
559
212
334
840
661
981
109
517
606
307
61
251
84
807
847
227
136
633
756
559
972
91
333
449
122
646
315
363
726
2
887
336
835
123
965
65
25
989
288
240
63
312
861
526
425
543
558
401
568
111
289
114
106
657
221
294
76
64
815
875
546
360
829
142
671
445
739
214
864
856
270
762
760
750
582
715
505
237
610
339
288
160
435
184
463
30
420
118
658
925
23
298
942
484
421
867
672
582
984
542
61
632
705
237
713
990
20
546
17
277
733
928
235
449
349
691
8
894
623
636
472
564
428
478
123
616
790
815
911
712
869
331
200
262
988
865
822
15
615
264
616
962
534
915
568
496
680
399
714
97
570
32
320
464
417
335
907
945
859
533
255
548
322
559
392
512
517
876
63
370
824
776
628
390
906
786
206
924
295
781
483
56
326
662
299
786
616
71
742
948
302
637
763
177
823
955
328
843
522
128
335
695
994
761
265
638
9
360
320
685
868
547
708
557
353
672
250
928
842
343
24
303
449
286
801
78
253
759
521
994
109
833
232
101
427
486
276
806
715
711
907
895
641
978
497
700
888
268
5
632
799
139
11
532
800
861
125
214
154
914
971
130
441
943
337
350
173
373
405
319
356
694
228
639
555
805
193
904
433
478
686
604
757
934
873
356
604
952
282
235
475
504
702
247
826
884
77
767
803
577
983
217
155
64
110
984
563
616
639
826
962
306
667
855
17
664
686
572
860
373
25
579
896
809
160
269
895
423
987
274
469
908
685
164
255
42
131
335
688
784
759
124
355
541
44
406
656
27
485
268
959
298
649
618
533
194
729
290
897
263
453
945
759
811
340
701
519
590
38
120
134
766
130
718
738
214
250
656
669
954
278
282
928
321
53
667
593
122
732
267
286
339
549
292
25
882
988
686
40
725
328
889
580
488
344
733
608
623
35
769
315
40
27
955
252
640
638
571
170
566
308
183
967
382
777
570
112
807
111
412
150
143
980
344
160
942
400
457
157
344
82
928
199
184
883
492
162
636
519
658
769
483
556
298
781
717
566
550
651
774
877
108
246
334
658
739
69
92
613
166
334
25
918
274
357
735
320
696
797
522
908
826
490
589
254
850
238
529
823
128
677
351
935
206
814
740
436
342
71
611
674
61
854
106
917
106
959
437
351
295
66
980
120
815
94
80
217
979
81
554
967
231
999
609
882
293
674
781
428
23
831
949
623
795
625
590
454
196
216
223
75
815
932
756
879
561
19
848
800
704
980
127
455
227
393
144
642
226
200
914
976
713
689
158
363
437
483
889
923
241
596
822
9
303
31
570
662
169
857
821
401
241
542
511
809
14
359
659
621
837
643
889
229
539
548
644
961
964
854
65
152
614
713
870
481
348
965
193
717
350
21
936
227
773
815
61
307
940
866
654
427
492
549
313
254
895
892
396
678
124
683
853
645
604
983
294
714
216
971
501
442
220
545
680
631
896
489
50
83
857
733
464
745
363
39
839
366
367
652
884
490
626
415
691
471
171
497
581
437
169
796
246
285
548
319
967
794
719
559
855
811
295
278
1
672
785
146
596
565
881
177
46
918
608
387
88
151
556
568
189
840
528
560
32
447
29
706
297
896
609
560
680
512
370
961
969
358
417
894
822
24
924
141
676
979
379
140
709
247
81
556
687
359
916
824
119
13
190
899
688
659
993
468
773
775
331
451
486
123
184
344
12
428
215
924
980
109
978
831
325
825
248
111
484
430
545
645
317
526
135
728
43
253
952
119
592
32
526
996
940
962
357
781
611
239
464
516
354
6
868
864
732
697
235
170
797
616
934
657
938
198
880
55
703
451
16
138
716
437
91
314
791
461
209
907
538
972
368
458
572
889
844
298
937
519
224
442
178
13
615
980
827
529
277
91
787
761
576
186
678
798
209
875
120
706
524
944
426
205
943
830
44
782
161
821
251
999
507
748
758
48
947
465
64
691
38
551
390
378
583
896
382
555
1
306
542
295
991
456
878
919
244
450
121
195
738
807
853
228
597
508
164
294
400
476
485
721
489
563
600
80
411
364
633
3
325
799
2
632
673
329
870
205
131
257
741
948
592
965
3
491
322
727
732
298
713
991
852
420
913
429
962
40
480
176
264
405
766
334
403
810
952
897
28
887
94
462
879
535
698
740
459
971
662
137
949
740
333
583
992
0
755
919
707
809
304
780
62
784
357
724
163
832
56
689
23
129
579
83
372
34
136
83
462
940
224
439
215
618
610
924
835
248
91
723
186
101
936
785
944
281
483
849
489
169
409
326
589
395
969
677
151
705
871
985
350
140
731
806
668
64
711
523
895
511
867
374
417
95
644
713
607
924
393
305
763
810
188
672
578
433
707
17
56
361
348
461
645
199
184
109
484
788
884
384
660
986
457
448
532
64
523
479
683
930
571
691
593
422
866
870
451
932
709
688
105
958
569
569
123
400
41
30
574
689
89
750
570
848
344
656
115
18
681
551
614
96
925
751
996
75
792
306
981
662
96
338
152
109
660
527
574
542
129
26
379
962
373
529
928
902
632
246
914
416
329
5
22
28
730
829
909
704
674
112
172
685
901
653
917
846
825
306
518
572
262
987
691
423
770
390
351
750
312
9
903
992
503
59
281
441
86
307
389
528
392
821
264
790
570
838
994
894
798
79
440
20
243
450
186
856
869
471
391
692
43
899
133
175
818
416
952
947
866
22
327
619
734
245
229
191
57
437
673
927
218
238
560
342
982
212
941
955
286
818
186
354
861
733
788
386
715
625
124
123
982
815
150
292
669
178
584
515
815
997
449
707
92
201
309
131
483
354
194
421
260
88
384
514
168
548
766
18
700
907
447
842
390
790
488
570
493
174
453
738
466
195
825
331
29
938
759
57
494
371
819
755
703
163
344
875
29
635
897
5
701
373
237
163
88
678
878
649
234
668
654
682
33
301
308
281
26
903
92
247
653
40
785
905
38
490
591
758
405
696
585
951
49
379
608
329
749
493
800
447
476
947
240
263
401
962
966
126
191
194
650
81
106
897
621
377
901
349
31
349
226
964
118
194
255
198
330
59
371
700
620
763
920
826
1
331
182
810
210
369
52
709
251
892
442
178
74
297
578
37
620
175
108
288
9
0
797
183
637
989
219
340
186
696
892
437
915
106
901
869
868
685
487
184
585
549
835
38
365
557
241
912
326
989
654
625
747
114
349
984
791
324
290
570
184
500
375
67
692
304
153
814
606
770
180
84
608
997
526
60
262
836
556
272
855
972
401
243
291
263
426
144
812
1
511
753
765
228
738
3
545
266
878
733
658
346
249
665
819
318
936
997
814
702
297
193
822
459
98
283
109
310
174
796
847
762
584
211
571
871
651
80
836
442
815
907
837
203
733
972
284
405
92
22
68
205
454
864
871
451
178
810
770
730
937
949
510
353
204
24
702
740
384
677
0
157
759
593
574
820
559
988
359
604
237
901
535
576
52
358
165
738
783
900
774
991
530
278
51
646
600
776
298
961
236
914
578
919
194
80
746
385
772
850
968
616
784
122
900
633
0
67
134
385
719
158
102
756
624
645
981
623
462
403
569
524
223
765
989
471
653
722
655
969
84
303
554
761
724
860
2
170
247
202
224
392
474
934
184
904
744
67
455
176
405
578
361
877
671
857
145
109
771
392
442
298
290
443
714
868
498
913
50
348
929
908
235
222
666
150
315
355
614
763
257
921
749
332
887
749
381
427
731
4
554
952
166
754
58
482
857
632
328
440
785
606
534
336
316
612
132
18
542
994
640
595
472
686
657
170
480
820
190
870
629
45
303
954
265
313
749
795
626
83
335
920
734
902
511
330
52
526
793
490
848
273
829
997
67
864
799
956
862
982
31
522
285
701
997
133
325
488
791
783
10
82
145
63
802
284
64
381
970
204
381
917
837
464
887
245
241
586
965
531
717
574
677
294
455
856
328
365
315
809
801
926
71
315
103
552
842
749
175
734
217
387
118
264
953
118
577
686
897
906
374
956
389
387
710
723
146
241
356
900
428
256
39
577
921
327
930
818
490
828
31
186
304
846
330
34
482
782
445
734
77
356
252
373
785
114
683
338
442
790
723
571
808
560
916
546
963
256
122
881
690
750
187
539
275
326
313
136
844
433
142
449
633
489
657
658
670
695
823
90
435
331
850
769
262
796
326
719
646
665
870
179
135
497
756
362
81
826
577
973
392
164
620
483
740
211
927
842
831
921
209
345
140
311
716
674
648
673
591
496
46
988
790
464
802
530
342
213
702
545
911
59
156
981
559
262
823
245
519
486
830
631
676
384
342
585
875
430
806
85
796
940
897
567
399
527
3
201
759
871
353
292
718
311
225
467
258
407
466
482
667
277
369
564
576
409
506
561
395
194
760
230
170
509
227
960
138
240
466
47
182
402
726
223
746
248
757
220
62
904
472
180
92
563
974
98
101
731
429
349
641
551
931
297
94
289
817
731
551
660
112
607
840
921
299
557
901
122
108
836
932
364
730
402
978
413
780
739
692
412
166
588
697
103
551
266
914
711
986
651
892
987
297
976
49
410
280
674
668
854
710
126
16
485
297
793
799
804
751
324
617
726
743
317
594
681
524
684
204
715
411
468
904
91
737
954
706
234
281
763
380
378
869
280
741
491
557
879
663
308
661
76
592
189
286
670
437
453
669
282
852
856
141
314
666
853
916
506
966
343
309
842
239
343
563
765
456
154
278
479
593
297
404
340
223
767
84
744
859
163
730
609
599
335
239
811
887
2
0
309
9
884
422
454
352
497
645
778
916
691
583
241
620
468
548
239
222
71
373
496
90
267
348
223
958
508
832
656
206
722
81
903
190
274
969
471
781
381
98
831
234
46
289
142
808
562
842
1
225
340
270
120
476
30
644
532
754
461
58
885
276
178
593
118
9
596
536
902
875
519
768
332
255
446
220
140
8
44
294
104
305
650
5
764
126
325
696
876
505
198
616
521
199
379
728
470
482
45
86
714
384
743
549
375
658
613
214
696
995
664
993
177
589
118
62
483
819
381
603
290
913
682
185
277
778
134
767
805
339
273
592
161
875
264
47
614
309
992
820
200
391
998
49
707
377
0
937
969
383
408
421
830
60
262
671
247
737
52
244
11
149
825
877
557
701
965
31
439
711
743
506
420
832
378
966
663
856
120
921
521
589
180
103
785
22
229
6
60
132
349
25
437
786
982
601
568
931
124
133
457
408
558
956
614
287
15
365
144
237
844
488
200
872
109
634
720
524
339
676
544
109
428
282
120
61
137
148
479
314
674
920
297
662
204
776
45
223
332
316
762
633
480
641
597
529
32
857
815
26
650
402
553
389
234
158
582
41
983
84
612
987
866
632
826
721
249
48
593
198
874
460
286
924
705
63
844
589
369
637
23
299
384
691
932
544
540
521
887
913
927
743
166
938
552
664
123
87
363
143
57
449
282
918
446
229
991
278
557
310
317
171
73
645
959
167
103
848
731
915
147
768
483
797
154
452
975
924
56
838
560
778
378
966
167
122
41
50
897
406
662
334
75
709
801
508
407
176
700
634
301
161
86
440
725
337
817
676
302
191
58
42
384
475
963
138
890
951
874
969
366
812
877
207
286
717
170
96
616
519
981
867
181
151
177
591
617
703
76
143
920
974
906
430
531
31
219
897
555
766
823
184
790
376
900
276
583
206
974
904
960
252
989
86
364
263
728
600
243
769
924
972
16
685
140
30
411
645
98
333
775
187
365
619
559
594
354
236
842
751
789
565
701
440
904
688
400
366
202
785
158
352
380
300
949
204
241
563
154
648
461
503
778
943
692
850
790
335
423
588
857
427
276
322
365
765
529
330
864
872
500
677
877
836
623
539
307
988
667
373
620
90
862
911
614
179
958
527
430
31
107
107
270
438
192
253
875
800
395
621
902
507
166
376
993
138
539
120
495
554
846
120
12
586
669
232
990
119
388
288
458
441
564
280
95
906
133
264
628
186
978
48
46
55
653
537
686
498
902
555
257
501
891
735
288
902
996
901
632
496
644
152
46
857
412
905
933
367
50
845
458
794
24
507
965
795
513
471
98
254
52
505
386
498
361
974
133
360
67
274
96
379
35
595
400
323
74
702
114
2
204
282
877
706
490
977
344
383
359
975
489
136
35
21
973
487
109
766
110
964
584
964
805
575
556
499
140
272
550
718
316
74
551
222
925
559
193
497
396
163
102
78
384
428
546
754
433
633
889
444
60
20
207
563
55
689
379
427
183
747
577
681
724
537
918
837
521
807
636
216
18
567
898
676
613
192
483
684
136
970
825
642
551
801
250
674
86
570
408
707
839
784
935
212
596
12
874
702
511
86
962
368
600
146
917
161
255
16
21
204
489
710
613
789
541
11
165
751
968
583
508
834
433
526
190
290
985
956
904
203
846
324
218
580
192
14
239
570
716
474
311
401
194
911
498
137
798
434
732
975
876
401
573
306
669
132
302
440
536
386
625
790
980
766
873
161
223
123
782
838
133
313
129
186
452
953
439
266
684
302
584
606
366
34
991
474
485
508
390
823
542
866
56
37
783
275
772
377
645
578
320
101
428
189
701
212
706
466
534
849
230
229
173
991
443
291
668
464
589
244
472
371
312
717
662
845
644
724
832
629
761
828
35
890
101
902
153
227
684
826
142
960
71
454
598
857
906
455
767
795
500
603
692
763
226
399
955
38
33
6
887
336
770
223
826
397
716
809
10
120
611
639
85
103
4
206
780
713
720
384
915
120
526
359
576
181
370
660
119
833
501
341
188
870
473
883
500
786
497
323
952
982
106
89
386
564
491
230
958
844
132
996
429
771
212
289
380
53
995
874
790
811
418
876
164
722
489
381
451
367
126
232
119
67
46
462
202
447
677
346
608
837
686
123
229
776
162
452
91
277
616
258
552
615
798
346
944
385
442
403
243
433
975
532
560
608
768
978
963
986
880
370
525
863
217
845
425
262
833
852
194
406
761
959
294
862
326
524
306
261
478
219
583
81
556
355
788
694
259
555
201
520
815
485
812
589
180
908
955
795
791
244
626
10
828
69
593
121
334
185
879
784
708
69
895
991
380
27
358
465
331
186
856
442
753
528
615
594
787
548
618
928
255
266
623
937
686
828
60
715
279
949
324
822
973
156
934
784
301
375
282
627
349
954
172
532
493
85
657
441
705
759
78
805
47
879
706
633
87
189
588
230
205
358
303
583
952
387
185
540
779
521
739
77
558
731
588
177
827
92
629
458
703
418
48
794
862
803
708
170
30
533
210
226
111
16
232
635
39
590
736
524
179
483
637
173
901
393
184
880
260
25
918
68
861
593
889
617
854
869
470
18
972
797
785
165
309
574
210
826
838
274
757
597
396
825
210
740
177
111
969
16
131
141
921
768
661
864
554
244
520
516
739
152
289
905
315
328
59
197
921
872
261
473
849
919
513
665
124
95
303
509
658
926
905
807
177
264
252
747
272
564
472
557
686
930
930
370
684
183
226
347
349
54
416
472
934
479
774
317
969
30
210
990
18
168
69
307
835
235
744
200
561
738
883
157
21
189
569
751
971
83
5
479
498
185
530
134
729
176
393
377
749
242
978
102
245
73
103
907
704
646
72
78
77
424
438
46
717
504
154
855
393
209
318
238
303
894
836
274
783
799
992
259
561
732
687
499
617
778
316
241
129
88
260
195
646
327
739
280
540
473
244
704
843
200
205
819
769
861
147
429
93
706
570
991
139
753
729
892
969
737
322
63
202
205
983
59
189
49
330
290
507
60
404
227
182
502
596
297
30
801
469
209
67
189
829
85
820
950
192
613
11
452
734
113
835
173
919
389
655
104
344
289
85
718
441
72
525
207
308
425
676
519
680
923
40
809
618
413
33
475
967
746
407
133
891
298
336
581
771
404
486
148
385
808
290
910
748
381
217
563
735
108
756
239
87
362
398
452
503
816
112
854
794
855
426
120
136
734
913
22
574
946
28
355
22
748
911
0
768
495
201
653
751
137
897
369
545
125
283
316
261
625
575
37
500
544
815
340
30
836
60
588
500
975
278
847
72
852
865
694
523
787
411
192
483
329
853
157
839
590
704
398
555
103
118
864
440
377
181
878
40
509
79
502
412
310
98
95
464
689
716
609
634
356
176
660
842
746
725
733
659
657
634
7
253
659
159
576
76
191
680
675
755
193
429
502
634
717
811
641
467
554
820
933
73
248
93
974
664
436
512
722
172
21
798
992
305
350
430
740
602
222
119
629
729
706
15
415
162
198
116
990
37
281
295
357
784
340
300
205
561
296
633
442
984
312
802
508
920
712
105
625
902
135
908
1
644
224
449
585
264
67
40
342
711
524
730
312
950
993
501
188
792
729
654
186
132
590
334
87
553
604
112
291
196
788
499
28
679
141
236
568
375
498
517
923
647
707
424
535
41
514
87
942
51
287
733
274
291
784
832
21
899
77
583
23
41
342
743
939
942
334
421
648
167
578
275
492
297
551
1
754
582
797
791
402
123
291
197
87
831
918
147
539
985
113
445
988
432
639
3
525
47
254
298
114
562
523
844
326
212
47
184
896
348
127
817
789
388
102
517
412
222
494
998
431
173
338
629
628
478
776
351
454
599
925
515
702
445
848
195
24
433
247
318
847
157
277
65
807
412
847
529
323
810
446
962
951
949
106
353
655
357
97
715
547
782
249
271
308
565
19
353
734
20
363
631
851
896
718
588
678
910
829
470
49
888
8
794
157
798
361
180
192
294
285
160
252
699
649
861
601
202
626
424
221
962
186
866
644
145
73
742
36
543
237
969
720
917
952
383
8
559
982
224
244
786
713
329
660
621
720
559
589
168
558
676
387
990
639
773
669
524
165
850
724
38
949
287
716
533
684
756
760
463
870
399
717
528
377
366
18
77
437
679
668
464
663
489
578
506
27
245
548
96
206
716
484
901
762
431
829
62
357
198
251
860
587
167
541
669
109
415
437
959
7
221
335
602
422
434
359
748
728
121
958
178
485
573
652
281
910
773
214
619
816
497
48
967
627
220
604
205
362
946
245
338
12
543
339
303
416
748
248
300
615
83
148
169
704
589
187
824
387
801
944
955
175
592
206
431
166
847
860
633
588
745
414
839
18
298
68
735
270
694
238
808
967
845
464
967
589
410
776
761
75
203
531
910
511
264
652
567
20
651
134
424
415
302
336
691
154
237
205
926
787
5
881
338
23
832
779
53
797
775
274
909
57
774
791
623
831
129
665
533
391
679
34
55
547
797
739
188
336
828
435
313
789
119
705
667
992
208
368
710
428
313
978
380
873
691
607
634
487
735
436
939
779
655
350
626
819
15
739
930
674
905
838
899
153
720
83
812
399
580
962
899
760
590
999
679
207
551
677
857
716
630
620
932
213
545
590
566
406
419
960
31
773
335
62
181
553
290
275
101
256
726
53
324
369
537
579
913
862
682
166
753
660
882
543
920
513
235
546
521
793
215
54
915
710
204
431
224
614
272
912
629
495
60
488
996
212
207
482
578
41
794
801
315
688
911
933
797
539
276
217
233
93
538
873
389
361
335
786
887
375
95
723
209
527
354
670
341
25
778
505
132
696
466
127
612
754
441
185
431
58
581
346
652
213
526
213
19
146
703
976
215
370
239
377
678
835
667
882
718
6
42
913
380
954
729
728
700
608
663
377
668
686
70
954
71
61
692
68
814
0
955
531
977
868
25
229
961
503
981
457
935
318
172
166
812
254
373
456
978
524
482
187
179
623
845
391
528
919
31
632
672
149
589
668
648
37
24
538
497
710
704
393
82
400
850
912
878
228
526
715
767
28
528
963
392
610
910
216
538
627
499
783
689
222
952
608
533
615
142
371
696
405
756
570
99
409
370
364
125
232
935
653
270
884
981
229
877
530
247
459
154
15
611
362
544
786
39
415
275
945
292
103
480
358
100
262
989
325
243
402
668
817
915
167
594
209
541
819
298
68
938
291
678
619
814
665
695
931
230
307
543
211
421
77
291
766
191
681
570
479
396
201
950
947
241
308
282
496
59
286
11
14
136
377
130
533
402
779
579
254
666
251
201
330
933
656
72
864
416
439
348
970
461
583
558
782
727
663
24
712
399
595
788
480
868
189
472
104
891
869
5
257
103
901
862
741
926
938
628
671
147
821
555
961
448
339
604
547
412
752
884
72
105
824
616
358
515
297
566
150
126
604
604
688
327
71
803
553
34
519
110
394
758
652
20
830
490
797
893
965
231
269
362
366
63
954
491
401
175
360
453
691
765
278
854
299
281
384
302
856
630
88
239
135
144
497
719
933
63
173
678
936
988
856
870
466
261
443
479
298
672
297
499
484
376
950
120
372
759
413
162
470
664
506
942
422
932
314
566
995
675
352
814
261
650
755
828
291
51
605
955
559
708
779
477
461
977
794
658
547
324
915
931
27
489
585
67
793
832
891
536
572
656
63
844
747
140
107
183
777
546
111
447
463
979
566
580
99
439
80
972
616
207
199
279
700
11
159
4
69
137
794
936
499
778
459
76
123
24
88
792
283
788
835
883
333
987
684
469
518
518
0
886
3
149
507
366
480
568
211
849
298
311
185
219
616
119
712
457
584
882
937
233
436
464
519
732
224
527
376
59
846
599
394
168
175
897
116
266
436
353
145
727
662
380
772
909
180
908
865
139
430
180
756
563
280
444
39
323
755
691
445
248
834
202
823
186
441
249
290
924
872
140
724
80
686
944
820
947
301
512
115
401
805
618
225
687
130
290
254
722
755
802
359
560
71
709
546
73
89
281
93
109
383
815
206
486
644
178
48
736
842
27
177
71
706
224
591
505
455
640
147
84
403
297
102
410
525
174
867
439
554
17
662
187
67
625
113
119
895
654
744
916
592
646
726
225
565
635
139
309
603
295
940
454
976
779
485
61
874
963
87
673
592
681
8
895
770
458
587
919
169
987
524
918
639
873
124
331
622
716
478
31
769
576
855
668
897
147
923
935
311
947
158
366
347
576
126
718
921
988
905
266
121
908
799
404
698
251
720
85
747
719
948
901
427
96
323
837
611
212
256
866
608
841
233
573
458
570
445
597
682
815
674
92
282
314
49
3
454
857
548
207
57
560
631
625
586
372
554
413
490
807
753
721
487
283
500
228
519
553
853
799
572
938
550
711
351
561
279
669
895
152
35
869
960
534
856
848
588
340
891
896
128
338
436
489
65
330
464
500
866
190
853
887
435
92
283
364
446
927
568
987
121
752
13
380
102
818
755
481
796
653
351
462
806
705
874
864
998
48
792
670
978
900
274
728
537
134
275
829
316
752
129
6
936
566
630
536
930
135
210
278
481
721
518
822
353
638
937
367
460
953
213
932
610
856
217
500
259
293
517
563
770
90
695
885
139
311
355
648
279
796
692
475
474
741
539
607
902
812
548
623
54
287
551
1
226
532
994
918
346
201
761
742
682
440
956
564
361
658
354
900
467
161
715
612
130
523
105
704
355
353
645
54
989
875
611
546
986
244
203
367
184
533
937
847
262
449
856
938
382
299
962
529
238
833
399
411
116
402
654
896
825
505
93
178
596
6
363
569
32
371
356
769
14
822
780
478
181
597
577
742
632
478
633
305
90
150
848
587
855
944
793
443
410
388
139
724
675
961
911
723
402
151
473
56
669
716
77
798
642
668
126
18
316
736
366
851
10
670
719
538
583
22
364
447
266
182
950
472
93
477
984
439
318
329
757
480
785
613
849
629
378
288
326
165
32
939
659
577
452
328
240
769
982
354
832
378
793
406
308
789
824
124
935
531
34
372
380
377
706
378
119
463
979
615
591
648
96
840
22
82
780
427
879
565
538
443
250
948
112
471
476
550
476
399
401
402
761
710
653
776
797
607
811
722
170
311
679
169
845
632
470
382
5
968
543
734
477
819
101
894
300
62
68
0
784
86
673
887
948
630
989
124
365
770
498
649
333
334
881
453
557
851
316
801
178
672
773
79
764
366
371
810
828
560
733
688
658
628
588
377
240
755
42
138
169
816
403
319
142
289
245
426
806
309
408
79
815
276
339
433
77
841
106
622
238
421
701
384
803
943
442
893
989
10
636
844
552
888
564
656
283
3
680
43
218
115
361
529
892
604
449
805
726
539
212
154
325
512
685
148
255
441
658
686
823
157
462
223
712
328
457
973
217
252
9
220
58
478
320
426
447
399
468
742
951
960
926
282
335
394
299
648
699
937
389
959
62
318
380
160
58
635
602
117
810
111
815
978
321
143
767
475
539
82
933
179
276
341
280
261
580
271
514
106
292
517
727
51
553
968
925
865
52
685
416
73
329
548
218
124
559
598
158
74
534
653
20
6
457
520
319
895
112
153
119
210
518
95
30
194
313
234
389
911
947
7
466
895
353
623
5
354
365
50
734
157
909
99
781
581
482
291
328
706
830
774
649
868
753
353
629
706
815
253
76
614
523
149
979
288
339
824
760
980
716
395
992
986
769
915
986
97
308
121
731
629
507
274
544
154
527
191
263
288
318
493
80
10
205
532
266
763
777
95
397
371
563
164
953
613
207
922
788
187
415
789
36
262
910
44
149
969
461
304
254
922
81
419
62
756
230
551
87
819
728
192
91
683
561
36
973
824
611
851
571
520
945
728
270
416
154
607
40
882
289
199
243
166
56
45
212
466
420
425
150
174
373
854
471
424
745
695
591
891
759
432
835
461
184
89
319
419
137
60
64
181
222
987
408
835
872
812
461
329
473
615
446
646
840
344
898
962
561
724
347
227
488
670
389
488
808
769
626
897
974
15
408
621
634
217
510
303
688
346
559
109
346
423
762
518
577
780
114
220
388
475
20
437
783
435
607
682
701
64
421
833
829
623
643
516
622
35
484
844
243
203
708
706
922
250
177
225
681
797
424
683
95
474
795
422
231
163
320
523
839
473
467
988
380
628
889
352
902
21
467
350
30
72
336
54
861
353
62
236
386
632
250
915
128
606
787
439
617
252
636
808
164
783
160
926
441
259
849
774
587
124
472
604
942
478
541
751
560
49
50
908
745
427
804
765
735
521
642
767
697
292
789
774
23
611
536
360
626
103
847
818
766
905
564
738
316
417
850
115
887
292
162
8
787
580
465
468
482
222
122
427
967
762
49
634
980
916
874
864
772
802
860
208
699
329
148
274
72
353
504
361
463
618
840
323
22
210
912
238
31
478
140
218
501
883
861
215
8
138
997
119
320
3
939
883
170
973
350
16
687
833
231
874
48
786
287
546
212
223
892
89
613
824
167
139
519
528
137
247
659
126
652
481
493
909
440
63
664
207
363
48
70
82
845
376
905
992
587
271
418
369
40
479
109
605
281
44
344
491
998
588
818
872
960
264
813
243
60
466
415
565
646
506
230
773
790
654
744
874
912
589
668
968
28
653
381
78
994
597
547
553
400
940
744
60
105
861
657
408
291
827
956
486
827
247
594
847
975
217
212
619
744
342
577
840
468
306
935
223
179
200
999
847
98
846
178
971
60
714
710
164
151
890
603
457
303
888
153
17
232
238
554
437
826
728
387
351
675
402
685
854
73
39
163
977
590
618
726
34
604
422
319
153
544
83
628
375
182
676
397
587
142
43
656
832
862
679
360
93
108
907
126
552
404
307
159
853
266
550
295
505
675
92
758
333
958
105
830
559
629
148
369
977
412
303
776
96
951
517
157
769
556
945
424
349
882
747
606
590
994
958
340
763
974
416
942
993
479
694
529
771
731
666
670
915
62
928
277
860
625
146
736
848
760
675
911
922
608
211
600
488
143
185
661
852
876
918
219
458
335
397
258
607
537
130
949
600
71
606
30
512
152
690
680
287
325
746
540
310
408
520
974
372
799
555
107
887
720
444
824
691
417
129
968
714
68
101
581
6
260
712
816
15
547
98
370
30
521
672
68
535
120
41
307
206
396
813
895
386
883
888
80
312
430
825
367
919
609
548
806
952
113
290
228
881
921
630
410
185
883
568
207
27
18
449
513
970
80
416
89
346
463
374
786
187
622
533
910
989
149
147
971
933
46
422
530
912
330
161
477
211
467
487
75
809
64
296
461
417
474
455
935
783
511
299
944
995
966
383
797
831
141
629
265
967
970
813
427
557
983
159
221
699
456
271
848
371
115
253
872
447
713
315
421
50
620
639
53
820
549
801
727
668
592
706
267
187
328
878
541
477
400
3
305
437
11
577
145
148
6
6
414
963
864
158
407
277
255
48
124
92
449
357
464
450
702
139
942
957
1
173
460
577
318
780
158
336
478
56
776
115
118
841
269
117
649
566
390
100
375
325
75
949
971
117
285
368
919
272
604
496
745
600
519
638
312
581
112
256
164
305
535
2
100
259
471
693
7
850
635
223
552
537
39
739
83
686
528
867
614
337
618
161
290
675
614
601
567
672
679
606
574
438
242
958
350
263
815
212
116
573
212
299
827
421
733
221
78
517
198
11
394
605
697
823
189
169
563
258
245
687
859
845
462
521
273
151
931
227
876
474
380
674
936
452
308
396
194
362
840
514
857
70
44
149
116
310
246
316
452
54
188
347
451
645
267
767
568
113
677
237
910
99
277
543
116
329
565
106
331
406
652
173
112
985
685
550
69
268
677
251
79
513
220
584
144
126
269
21
433
712
681
730
569
53
11
892
847
665
974
320
425
326
201
778
879
844
628
294
237
168
825
91
582
365
206
607
369
991
81
37
389
672
196
622
760
499
656
357
742
416
681
116
997
142
382
336
538
516
207
198
606
984
319
929
275
166
868
87
563
552
933
681
793
280
206
106
287
481
767
609
537
817
326
578
860
759
887
782
777
502
211
389
29
526
356
221
805
78
100
91
611
720
424
121
409
760
77
169
889
818
628
808
605
190
641
180
478
56
733
628
296
280
856
579
109
540
174
253
968
543
67
920
437
933
307
2
496
145
54
242
187
710
435
412
34
836
842
661
176
388
731
527
929
415
683
111
114
257
133
407
770
123
604
521
774
968
467
318
449
672
869
512
905
405
322
109
929
660
617
187
695
349
890
319
649
164
936
506
644
101
662
988
480
501
658
854
532
305
364
399
291
642
944
177
285
18
219
410
56
683
283
439
750
924
976
382
545
105
421
259
411
203
392
257
628
636
688
879
384
788
534
708
929
123
93
952
387
394
815
676
917
913
554
655
125
596
725
489
862
483
686
363
228
696
902
662
909
333
180
457
999
617
503
36
908
712
496
274
370
936
548
685
863
561
472
990
838
76
719
768
799
512
633
530
218
867
929
836
206
465
909
625
49
53
748
168
606
567
501
542
254
243
376
656
49
297
422
915
14
96
380
708
540
809
467
209
263
556
694
193
144
199
962
766
180
99
637
921
699
306
474
978
125
678
201
652
171
666
187
334
92
276
50
56
525
977
632
988
677
630
412
366
218
189
503
16
235
477
136
380
414
442
302
773
161
513
172
600
414
624
34
15
191
557
250
955
223
342
638
717
896
744
463
883
630
822
767
995
552
17
434
167
861
81
838
399
430
551
491
548
629
534
922
721
187
198
767
671
498
54
26
814
321
847
636
984
866
678
504
962
104
797
820
555
744
710
141
425
826
150
72
604
648
966
791
981
874
606
23
19
819
431
655
858
925
147
863
557
90
474
748
907
322
871
882
907
928
248
37
901
240
187
641
454
872
260
394
461
626
480
982
62
374
681
340
209
605
791
580
784
775
906
185
640
668
178
366
486
390
526
448
985
620
541
894
779
736
201
122
177
316
23
554
856
451
694
288
530
47
575
887
684
502
912
320
799
663
675
561
71
301
404
227
791
97
292
294
138
612
345
479
296
619
933
982
156
692
173
12
330
701
534
576
386
197
716
659
683
83
769
545
422
367
302
995
728
536
577
23
707
424
305
208
962
262
24
105
674
225
727
241
690
897
375
603
248
759
719
334
332
800
27
575
972
767
617
342
150
186
194
449
397
496
82
678
349
541
964
536
991
601
814
230
709
927
277
521
520
781
516
660
863
102
549
851
241
603
147
212
750
603
793
141
657
348
293
251
748
887
287
299
658
448
91
607
143
359
734
957
82
494
282
235
603
346
181
168
893
354
809
869
650
498
593
796
128
258
199
181
504
809
793
447
385
580
720
640
395
554
906
890
836
989
447
386
281
5
134
304
254
302
579
221
758
433
166
721
911
966
901
339
963
761
946
704
33
653
134
903
949
366
993
759
871
677
385
769
12
618
749
661
664
23
934
484
26
669
778
910
314
477
561
171
920
859
353
176
743
744
764
48
268
550
206
106
173
725
956
767
746
247
189
829
892
777
796
519
367
254
108
218
889
773
391
424
838
545
985
404
529
279
516
160
682
84
550
239
746
987
564
486
279
255
320
4
294
639
378
434
593
578
347
789
68
464
439
874
83
736
186
667
34
303
744
55
229
692
167
655
594
711
508
624
414
43
415
417
264
194
959
376
203
412
852
751
906
931
279
710
385
908
115
812
457
486
880
842
759
759
860
294
155
936
37
820
814
303
540
539
720
748
773
810
867
180
228
348
517
682
309
712
159
635
491
994
303
517
152
993
562
354
278
717
651
710
464
734
657
7
435
297
5
757
99
959
165
104
146
287
270
530
125
369
129
801
128
128
218
851
368
763
282
325
263
829
796
770
874
58
678
197
11
202
119
302
667
576
726
866
958
126
676
196
526
40
562
301
984
291
541
835
703
667
139
592
501
608
899
318
147
625
75
901
493
605
88
452
166
881
413
216
459
817
131
359
642
887
226
738
157
977
198
589
585
744
676
20
437
567
91
702
457
435
481
358
603
26
291
324
958
886
844
258
233
33
396
509
649
823
888
627
347
432
419
745
744
286
139
298
301
872
484
84
610
569
60
649
520
480
983
602
534
677
739
123
323
295
142
409
759
252
739
348
437
50
169
13
584
944
984
551
942
664
125
38
94
766
693
132
538
315
656
154
34
909
969
263
607
85
489
755
824
908
256
129
340
229
848
112
425
738
576
651
393
100
216
375
328
466
845
123
699
461
42
749
499
5
419
893
180
842
712
163
470
735
432
858
151
712
780
485
882
565
338
128
386
929
796
384
769
173
859
600
491
774
270
524
329
489
904
476
951
20
547
573
866
299
939
86
849
913
704
561
727
181
952
145
536
363
139
820
218
638
211
949
842
861
94
421
803
539
67
591
628
411
542
482
620
768
673
626
141
443
68
988
854
325
138
619
248
322
868
421
212
629
586
448
672
408
593
524
311
886
664
668
940
744
481
18
505
763
8
105
185
608
752
138
570
888
411
466
4
256
456
759
571
621
14
601
434
99
327
63
50
285
690
935
386
124
634
55
239
90
906
306
311
843
198
668
703
899
440
887
192
233
815
705
184
291
45
675
532
411
201
707
921
534
92
426
735
436
97
177
157
85
611
733
680
617
158
764
18
183
946
539
957
11
32
889
53
732
736
77
658
391
722
979
331
221
140
548
386
753
540
557
869
329
180
641
694
160
23
837
307
296
737
41
773
671
0
843
730
780
554
322
171
272
122
929
514
950
739
325
307
960
405
32
278
916
428
804
521
580
188
494
339
907
320
852
308
261
440
964
535
682
263
352
12
116
613
555
249
844
690
456
712
991
512
662
241
739
238
397
490
370
803
272
426
822
202
305
24
201
948
463
372
932
517
550
904
779
53
912
190
381
607
116
451
823
306
540
166
739
775
49
743
485
285
604
901
53
689
63
49
540
799
12
280
370
271
470
336
427
161
327
636
750
740
79
384
917
716
399
551
515
968
956
247
302
858
466
298
485
790
77
248
400
709
729
45
114
740
242
9
871
585
504
100
967
676
254
555
564
108
938
411
610
578
867
77
996
182
497
740
855
772
781
11
523
0
392
911
453
838
790
41
204
912
756
375
978
831
134
758
997
908
613
60
73
898
33
359
660
355
187
702
690
594
266
642
501
691
182
401
750
825
428
633
903
364
538
801
300
73
569
464
139
230
327
106
441
378
216
363
458
509
492
265
795
872
556
609
312
769
290
873
163
41
982
918
636
714
26
723
672
914
512
570
135
356
185
885
831
691
235
828
557
865
697
939
190
926
558
962
252
294
82
708
99
236
487
84
950
450
192
722
749
472
1
620
652
805
770
674
886
108
707
587
540
748
752
338
859
955
180
111
327
213
130
59
256
995
667
411
627
490
697
243
600
243
752
259
150
406
70
705
351
550
822
573
456
204
709
150
405
119
297
749
334
575
697
309
383
666
341
916
313
348
361
13
989
546
411
45
848
326
705
442
742
865
264
479
776
211
261
124
483
36
921
90
895
828
669
97
721
447
97
574
248
859
767
39
322
579
760
246
128
527
858
175
959
45
834
387
889
488
358
604
480
574
776
879
686
130
245
100
382
588
294
769
12
333
278
863
840
544
389
766
406
275
833
25
803
950
276
651
617
84
896
600
795
884
137
744
761
441
34
775
168
925
150
324
685
19
340
908
81
620
457
744
201
657
575
121
733
493
524
836
878
783
773
248
672
807
78
759
807
737
408
588
160
902
773
48
485
454
335
979
452
252
332
240
966
802
765
176
241
418
966
79
781
251
275
782
391
885
704
337
404
886
688
670
23
496
472
285
402
501
194
64
330
749
241
515
376
992
766
459
270
417
666
870
640
799
542
170
105
242
71
41
247
610
892
348
334
1
620
697
689
255
598
388
998
437
202
748
838
458
532
522
927
122
799
383
182
548
316
582
544
152
398
319
724
637
708
647
291
212
864
14
939
116
856
395
61
685
941
438
289
223
835
678
860
413
672
472
144
954
909
989
124
151
740
533
178
207
428
678
744
13
83
657
732
178
578
401
719
799
846
287
2
102
207
376
50
231
190
320
860
873
162
749
838
340
510
172
988
658
642
24
464
254
930
418
763
711
15
541
147
26
849
356
844
908
503
573
468
722
574
218
220
875
21
828
6
627
487
648
370
526
646
339
9
367
870
700
264
13
353
39
700
898
379
853
179
223
257
643
441
257
164
903
300
743
37
430
594
59
445
868
546
246
838
536
730
627
113
85
133
165
607
676
161
306
212
967
729
689
577
617
365
476
601
489
80
51
515
243
788
186
308
80
994
231
223
307
66
202
37
685
821
233
657
25
884
148
254
446
556
935
155
757
691
102
31
28
265
202
964
134
578
194
631
253
653
343
562
646
208
355
602
203
811
504
503
345
821
848
925
464
756
708
201
724
460
767
528
799
749
446
134
378
640
354
59
294
862
638
286
518
550
995
831
970
933
97
220
647
568
652
601
828
566
221
274
53
944
549
172
494
424
603
747
723
499
495
5
304
600
421
996
11
476
311
550
959
68
493
762
632
682
645
429
742
818
465
459
536
300
231
179
630
185
825
554
65
734
264
465
238
820
628
861
334
777
677
520
347
301
241
26
230
551
836
559
407
988
945
488
725
133
188
281
681
988
224
921
142
663
311
927
905
878
104
442
215
804
451
589
135
473
614
474
741
753
543
864
260
850
366
221
702
739
527
443
896
162
999
962
353
768
75
791
117
814
452
309
278
54
736
752
430
775
270
720
417
605
272
352
980
584
843
467
951
268
165
468
896
783
262
642
443
996
286
345
322
842
723
794
76
260
925
696
70
828
788
150
939
181
616
793
655
697
776
626
267
430
709
360
884
767
630
224
869
638
262
934
694
658
82
561
120
787
255
448
813
281
690
438
323
691
647
469
656
968
867
820
847
973
107
838
885
295
559
678
505
982
950
172
957
434
138
447
234
828
542
139
796
572
91
578
390
506
845
900
641
757
676
119
732
521
496
353
908
430
122
794
876
109
733
321
634
869
973
332
221
536
86
29
339
687
285
68
898
993
773
174
473
259
971
584
403
265
180
225
591
846
346
311
363
788
978
881
469
980
138
666
474
580
294
396
7
969
43
643
472
865
529
561
562
493
302
400
482
303
292
438
144
830
613
758
888
763
23
565
716
427
40
100
980
821
147
267
738
208
507
356
422
446
320
739
835
265
98
764
508
305
71
694
629
701
299
475
195
183
435
302
851
539
188
986
800
517
175
120
792
337
340
970
861
799
232
533
79
135
10
329
545
561
377
767
360
570
624
290
180
927
71
657
542
133
29
909
838
971
35
496
422
790
870
733
786
775
346
349
988
894
978
917
150
181
10
711
921
144
799
839
700
943
769
912
413
345
705
492
296
168
273
413
713
543
396
0
164
927
797
228
67
925
857
444
717
960
320
65
95
472
449
636
167
72
916
118
348
595
424
81
799
729
604
843
560
621
210
928
362
13
251
562
408
892
469
159
217
339
4
679
1
779
523
671
339
659
26
773
943
33
808
494
363
873
220
671
273
440
384
429
837
261
118
301
830
214
823
714
864
121
793
453
523
147
811
64
467
374
871
289
125
627
905
396
737
118
172
803
586
467
775
454
870
983
496
544
365
100
73
269
700
540
196
66
630
449
337
228
162
474
220
589
277
840
363
557
105
858
977
198
0
13
906
788
740
738
999
96
60
353
370
803
785
301
301
527
79
426
333
199
174
131
527
119
407
903
979
256
939
110
852
478
548
628
20
96
350
906
361
814
932
103
170
332
930
812
168
9
457
371
1
487
716
406
222
572
167
693
519
547
643
913
522
741
360
481
736
545
731
665
723
253
383
35
491
230
839
332
992
845
871
292
326
450
850
445
445
857
897
648
479
832
94
563
952
761
413
388
165
351
452
313
913
137
507
614
110
455
674
156
841
837
570
362
719
368
154
960
85
463
940
180
298
594
817
616
390
772
2
691
169
817
574
666
826
939
714
755
283
626
83
736
340
831
261
990
584
201
323
939
268
745
549
98
678
50
424
270
540
852
590
637
995
883
116
607
837
717
271
185
218
704
248
595
231
494
884
843
69
337
605
718
134
326
947
660
826
60
474
325
431
947
457
585
259
102
81
170
983
402
114
369
893
553
750
708
441
12
222
977
374
470
7
506
845
675
959
857
580
237
624
379
905
783
999
739
937
252
495
289
41
217
448
468
895
124
452
363
17
130
930
690
566
85
722
901
198
532
477
171
11
938
288
655
325
393
177
547
0
373
315
388
404
323
789
81
879
384
764
801
811
62
757
255
310
833
453
149
654
575
508
716
508
237
803
834
380
916
115
931
795
645
139
813
287
687
555
149
229
610
186
739
525
787
113
584
452
472
653
181
528
457
967
83
517
378
6
972
530
884
246
444
893
85
185
350
886
892
852
600
265
589
624
105
71
508
283
548
392
72
988
772
219
152
663
574
359
303
45
941
29
368
891
813
990
296
902
905
34
378
566
766
13
755
602
337
887
831
157
411
459
864
500
512
227
750
905
838
113
416
946
556
753
787
889
446
469
701
711
755
15
350
48
360
203
231
2
13
858
669
586
483
558
764
568
217
480
791
377
803
939
890
577
620
358
266
936
408
969
108
989
955
648
160
110
985
817
896
413
363
272
571
814
260
140
920
221
411
254
164
617
568
327
753
482
129
493
425
388
31
850
82
738
942
252
734
159
547
759
803
669
233
633
811
825
22
371
7
3
736
13
384
872
767
761
415
899
354
476
214
30
512
5
841
738
457
796
773
770
793
481
105
259
460
282
170
622
509
493
905
816
889
125
412
486
179
257
640
425
334
563
882
506
506
360
120
892
23
608
215
893
164
441
336
463
335
905
474
301
128
737
812
763
243
474
920
594
433
645
406
927
493
654
583
661
883
865
683
339
501
137
76
813
881
978
932
46
379
569
353
237
622
665
436
854
409
108
604
132
262
641
812
127
991
406
880
339
122
345
811
375
793
496
9
553
512
610
90
951
497
198
752
741
24
212
206
652
174
866
350
905
91
195
570
443
837
26
140
839
811
470
255
899
962
726
435
952
988
210
455
698
735
530
237
140
